70.3469
