66.9619
